|---------------------------------------------------------------------------------------------------------------------------------------------------------------------------|
|      alpha       |      betta       |      ||A||       |    ||A^(-1)||    |      obusl       |      ||z||        |       ksi        |      ||r||       |        p         | |---------------------------------------------------------------------------------------------------------------------------------------------------------------------------|
| 1,0000000000e+00 | 1,0000000000e+01 | 5,0480000000e+03 | 5,0500000000e+03 | 2,5492400000e+07 |  6,8894223659e-09 | 7,0008505358e-09 | 1,3642420527e-12 | 5,1259151151e-16 | 
|---------------------------------------------------------------------------------------------------------------------------------------------------------------------------|
| 1,0000000000e+00 | 1,0000000000e+02 | 6,5967585019e+04 | 5,0500000000e+03 | 3,3313630435e+08 |  3,6743585952e-08 | 3,7086801976e-08 | 7,2759576142e-12 | 2,4474466222e-16 | 
|---------------------------------------------------------------------------------------------------------------------------------------------------------------------------|
| 1,0000000000e+00 | 1,0000000000e+03 | 7,1158199429e+05 | 5,0500000000e+03 | 3,5934890712e+09 |  3,6743585952e-08 | 3,6966296639e-08 | 7,2759576142e-12 | 1,9592016250e-17 | 
|---------------------------------------------------------------------------------------------------------------------------------------------------------------------------|
| 1,0000000000e+00 | 1,0000000000e+04 | 7,1677260870e+06 | 5,0500000000e+03 | 3,6197016739e+10 |  2,7557689464e-08 | 2,7570821600e-08 | 5,4569682106e-12 | 1,5435128113e-18 | 
|---------------------------------------------------------------------------------------------------------------------------------------------------------------------------|
| 1,0000000000e+00 | 1,0000000000e+05 | 7,1729167014e+07 | 5,0500000000e+03 | 3,6223229342e+11 |  3,7625432014e-05 | 3,7636803234e-05 | 7,4505805969e-09 | 2,3150171371e-16 | 
|---------------------------------------------------------------------------------------------------------------------------------------------------------------------------|
| 1,0000000000e+00 | 1,0000000000e+06 | 7,1734357628e+08 | 5,0500000000e+03 | 3,6225850602e+12 |  2,3515895009e-05 | 2,3523002022e-05 | 4,6566128731e-09 | 1,2277488720e-17 | 
|---------------------------------------------------------------------------------------------------------------------------------------------------------------------------|
| 1,0000000000e+00 | 1,0000000000e+07 | 7,1734876690e+09 | 5,0500000000e+03 | 3,6226112728e+13 |  4,8160552979e-03 | 4,8175108140e-03 | 9,5367431641e-07 | 2,9786684413e-16 | 
|---------------------------------------------------------------------------------------------------------------------------------------------------------------------------|
| 1,0000000000e+00 | 1,0000000000e+08 | 7,1734928596e+10 | 5,0500000000e+03 | 3,6226138941e+14 |  1,1558532715e-01 | 1,1562025954e-01 | 2,2888183594e-05 | 6,2135567538e-16 | 
|---------------------------------------------------------------------------------------------------------------------------------------------------------------------------|
| 1,0000000000e+01 | 1,0000000000e+00 | 1,1515144093e+04 | 1,2442159429e+02 | 1,4327325865e+06 |  3,3948234237e-10 | 3,4024460835e-10 | 2,7284841053e-12 | 5,0143197900e-16 | 
|---------------------------------------------------------------------------------------------------------------------------------------------------------------------------|
| 1,0000000000e+02 | 1,0000000000e+00 | 7,6166585019e+04 | 6,7445478321e+01 | 5,1370917587e+06 |  1,8402391557e-10 | 1,8443711871e-10 | 2,7284841053e-12 | 7,7043783976e-17 | 
|---------------------------------------------------------------------------------------------------------------------------------------------------------------------------|
| 1,0000000000e+03 | 1,0000000000e+00 | 7,2268099429e+05 | 1,6715228655e+02 | 1,2079778064e+08 |  9,7295436163e-09 | 9,7513901135e-09 | 5,8207660913e-11 | 1,4829672666e-16 | 
|---------------------------------------------------------------------------------------------------------------------------------------------------------------------------|
| 1,0000000000e+04 | 1,0000000000e+00 | 7,1878250870e+06 | 1,9614551539e+02 | 1,4098596562e+09 |  1,1417171649e-08 | 1,1442807508e-08 | 5,8207660913e-11 | 1,6183467333e-17 | 
|---------------------------------------------------------------------------------------------------------------------------------------------------------------------------|
| 1,0000000000e+05 | 1,0000000000e+00 | 7,1839266014e+07 | 1,9960774830e+02 | 1,4339674128e+10 |  2,3237400257e-08 | 2,3289576990e-08 | 1,1641532183e-10 | 3,5767658248e-18 | 
|---------------------------------------------------------------------------------------------------------------------------------------------------------------------------|
| 1,0000000000e+06 | 1,0000000000e+00 | 7,1835367528e+08 | 1,9996070547e+02 | 1,4364250769e+11 |  2,3837173638e-05 | 2,3855238675e-05 | 1,1920928955e-07 | 3,4148925314e-16 | 
|---------------------------------------------------------------------------------------------------------------------------------------------------------------------------|
| 1,0000000000e+07 | 1,0000000000e+00 | 7,1834977680e+09 | 1,9999606985e+02 | 1,4366713214e+12 |  1,9073111520e-04 | 1,9087566106e-04 | 9,5367431641e-07 | 2,7483261447e-16 | 
|---------------------------------------------------------------------------------------------------------------------------------------------------------------------------|
| 1,0000000000e+08 | 1,0000000000e+00 | 7,1834938695e+10 | 1,9999960698e+02 | 1,4366959506e+13 |  4,5776277232e-03 | 4,5810968851e-03 | 2,2888183594e-05 | 6,5642182707e-16 | 
|---------------------------------------------------------------------------------------------------------------------------------------------------------------------------|
| 1,0000000000e+09 | 1,0000000000e+00 | 7,1834934796e+11 | 1,9999996070e+02 | 1,4366984136e+14 |  8,5449201958e-02 | 8,5513959761e-02 | 4,2724609375e-04 | 1,1544837066e-15 | 
|---------------------------------------------------------------------------------------------------------------------------------------------------------------------------|
| 1,0000000000e+10 | 1,0000000000e+00 | 7,1834934406e+12 | 1,9999999607e+02 | 1,4366986599e+15 |  7,8124998465e-01 | 7,8184205609e-01 | 3,9062500000e-03 | 1,0619038662e-15 | 
|---------------------------------------------------------------------------------------------------------------------------------------------------------------------------|